filename,covid,pneumonia,normal
gan_mixup_00000.png,0.8523140252544606,0.10603861637393373,0.041647358371605554
gan_mixup_00001.png,0.10781424114893423,0.38764200397241577,0.50454375487865
gan_mixup_00002.png,0.8243048597462429,0.11015758875407891,0.06553755149967831
gan_mixup_00003.png,0.002362504516499877,0.919499272941179,0.07813822254232118
gan_mixup_00004.png,0.055335595436793505,0.9127247745535919,0.03193963000961462
gan_mixup_00005.png,0.035988843045339614,0.9165725772940432,0.04743857966061721
gan_mixup_00006.png,0.042845867687520536,0.9522517006055219,0.004902431706957448
gan_mixup_00007.png,0.0046109970306517185,0.007523838395064949,0.9878651645742833
gan_mixup_00008.png,0.05905139052654824,0.8767957387712346,0.06415287070221724
gan_mixup_00009.png,0.12954837497035207,0.7525391069724486,0.11791251805719899
gan_mixup_00010.png,0.0004361400570986835,0.01761842732330708,0.9819454326195942
gan_mixup_00011.png,0.4929025078135878,0.4956878817325114,0.011409610453900862
gan_mixup_00012.png,0.046224347785612005,0.9479137810401541,0.005861871174234056
gan_mixup_00013.png,0.012415037396274486,0.02580840782276946,0.9617765547809561
gan_mixup_00014.png,0.034113378425776344,0.7877462856891876,0.17814033588503603
gan_mixup_00015.png,0.9721616107645805,0.004009183275152572,0.023829205960266837
gan_mixup_00016.png,0.834310879771508,0.08201409600695087,0.08367502422154106
gan_mixup_00017.png,0.38986324055748167,0.27674516565037066,0.3333915937921477
gan_mixup_00018.png,0.014520162974934414,0.9509686603437263,0.034511176681339156
gan_mixup_00019.png,0.7701187856281898,0.0007056759035549523,0.22917553846825522
gan_mixup_00020.png,0.887951444655945,0.039595019146296734,0.07245353619775835
gan_mixup_00021.png,0.0037512579140318004,0.9689335471855383,0.027315194900429902
gan_mixup_00022.png,0.014265447315314726,0.8877409790922953,0.09799357359239011
gan_mixup_00023.png,0.011834360697664149,0.001079465360814833,0.9870861739415212
gan_mixup_00024.png,0.004478793017862827,0.6885996054827694,0.3069216014993677
gan_mixup_00025.png,0.9225435488413697,0.03289135653831019,0.04456509462032006
gan_mixup_00026.png,0.0264063132782734,0.8467094993939683,0.1268841873277582
gan_mixup_00027.png,0.06614930667208344,0.8914555306530729,0.042395162674843626
gan_mixup_00028.png,0.1667612239429681,0.012150953428789654,0.8210878226282422
gan_mixup_00029.png,0.05918742141709811,0.03803593429934466,0.9027766442835574
gan_mixup_00030.png,0.4854569899708598,0.021676054340383607,0.4928669556887566
gan_mixup_00031.png,0.011683721520320007,0.10194202812974876,0.8863742503499312
gan_mixup_00032.png,0.09863728256641348,0.8368987746958285,0.06446394273775817
gan_mixup_00033.png,0.8636621303018254,0.010150683662855747,0.12618718603531887
gan_mixup_00034.png,0.05645682923579516,0.07234655080481335,0.8711966199593916
gan_mixup_00035.png,0.8856467735096165,0.031089784982600753,0.08326344150778281
gan_mixup_00036.png,0.004643719875132266,0.033888571846368794,0.9614677082784989
gan_mixup_00037.png,0.07395164774730467,0.00835371790226811,0.9176946343504273
gan_mixup_00038.png,0.000252853812844515,0.9610891940729941,0.03865795211416144
gan_mixup_00039.png,0.7362491314833212,0.23068955183710083,0.03306131667957801
gan_mixup_00040.png,0.7657299487851708,0.03528459560665975,0.19898545560816955
gan_mixup_00041.png,0.007496754545338852,0.0046275073187850655,0.9878757381358763
gan_mixup_00042.png,0.4281882699815166,0.06790283877528798,0.5039088912431954
gan_mixup_00043.png,0.02085640861613563,0.04631553515434106,0.9328280562295233
gan_mixup_00044.png,0.447397889919062,0.5438458454290294,0.008756264651908652
gan_mixup_00045.png,0.3786252271131216,0.5163618661250567,0.10501290676182154
gan_mixup_00046.png,0.015960674555616353,0.27998244389960075,0.704056881544783
gan_mixup_00047.png,0.006252696839245681,0.09966850217110584,0.8940788009896484
gan_mixup_00048.png,0.24086974744088957,0.05739303005728672,0.7017372225018237
gan_mixup_00049.png,0.3813313138998036,0.48852322269759435,0.13014546340260208
gan_mixup_00050.png,0.750023772958124,0.16928838410199185,0.08068784293988432
gan_mixup_00051.png,0.005019980085562454,0.15142917232337832,0.8435508475910592
gan_mixup_00052.png,0.3089145634294966,0.6345362534781578,0.05654918309234552
gan_mixup_00053.png,0.007095415725058037,0.9044757311972569,0.08842885307768503
gan_mixup_00054.png,0.13082537844225814,0.013552616180613927,0.855622005377128
gan_mixup_00055.png,0.830608888357589,0.12839830168550592,0.04099280995690495
gan_mixup_00056.png,0.036403436312476,0.9168239234845404,0.04677264020298362
gan_mixup_00057.png,0.22178662151079687,0.01451084551604781,0.7637025329731555
gan_mixup_00058.png,0.2075360731764998,0.3330919966173593,0.4593719302061409
gan_mixup_00059.png,0.0018843673801365731,0.9742191807049473,0.02389645191491615
gan_mixup_00060.png,0.5653033439499866,0.3755326015572304,0.05916405449278318
gan_mixup_00061.png,0.7196892778116764,0.07140761743446405,0.20890310475385948
gan_mixup_00062.png,0.016789285208732945,0.9063459272855289,0.07686478750573812
gan_mixup_00063.png,0.1486755483955816,0.007362699002731224,0.8439617526016872
gan_mixup_00064.png,0.9708994895535115,0.013145732304756755,0.015954778141731775
gan_mixup_00065.png,0.013456658825310667,0.13020217254184416,0.8563411686328454
gan_mixup_00066.png,0.04129043788613762,0.8245760227005218,0.13413353941334044
gan_mixup_00067.png,0.09955307405754488,0.030808093005619888,0.8696388329368352
gan_mixup_00068.png,0.025303129647801827,0.20166713761165445,0.7730297327405437
gan_mixup_00069.png,0.11216443607338462,0.8090613100035422,0.07877425392307333
gan_mixup_00070.png,0.03248718210332386,0.9365369094176565,0.03097590847901968
gan_mixup_00071.png,0.9875111622711727,0.006168691553846392,0.006320146174980981
gan_mixup_00072.png,0.05791107035391741,0.012607950354192411,0.9294809792918901
gan_mixup_00073.png,0.011115899581926353,0.8702810631935698,0.118603037224504
gan_mixup_00074.png,0.03369307542066268,0.34664962458765414,0.6196572999916832
gan_mixup_00075.png,0.272371746032813,0.5698382008163907,0.1577900531507963
gan_mixup_00076.png,0.05588500272796909,0.7811562761250137,0.1629587211470173
gan_mixup_00077.png,0.013927701872212537,0.9721402403651133,0.013932057762674328
gan_mixup_00078.png,0.002047837536805449,0.9285008606643572,0.06945130179883718
gan_mixup_00079.png,0.9927181085789328,0.005415870691272092,0.0018660207297950173
gan_mixup_00080.png,0.022428545643107818,0.12982938343301198,0.8477420709238801
gan_mixup_00081.png,0.8879008140675182,0.07656495525105916,0.03553423068142275
gan_mixup_00082.png,0.9338156695406149,0.05062859657996529,0.015555733879419794
gan_mixup_00083.png,0.6356312082776595,0.3479256524596673,0.016443139262673274
gan_mixup_00084.png,0.02314589560872256,0.7869796856659883,0.18987441872528926
gan_mixup_00085.png,0.6820804004745038,0.14212268638029799,0.17579691314519819
gan_mixup_00086.png,0.006805565322528999,0.39852777153045144,0.5946666631470197
gan_mixup_00087.png,0.9567076466749385,0.0301398674816319,0.01315248584342975
gan_mixup_00088.png,0.49491518827875575,0.4073217742165945,0.09776303750464987
gan_mixup_00089.png,0.8584865059887812,0.02340159765334233,0.1181118963578764
gan_mixup_00090.png,0.03183708095808156,0.1952557787723034,0.772907140269615
gan_mixup_00091.png,0.9660724469285151,0.008989257164622653,0.024938295906862185
gan_mixup_00092.png,0.9219336018967262,0.015225558963458598,0.06284083913981507
gan_mixup_00093.png,0.7899983270549134,0.2035428223106791,0.006458850634407402
gan_mixup_00094.png,0.0019322597514404853,0.9436403286319809,0.054427411616578686
gan_mixup_00095.png,0.3266388021049485,0.13823792987831657,0.5351232680167349
gan_mixup_00096.png,0.46578910585958455,0.1417599933672468,0.3924509007731686
gan_mixup_00097.png,0.04801875402564984,0.9433286252016527,0.00865262077269747
gan_mixup_00098.png,0.20203314736030134,0.5261594806884458,0.2718073719512529
gan_mixup_00099.png,0.8900308144882348,0.018381147767718806,0.09158803774404628
gan_mixup_00100.png,0.01653083124497829,0.11912813557492537,0.8643410331800963
gan_mixup_00101.png,0.8612322024834679,0.06721805874537583,0.07154973877115621
gan_mixup_00102.png,0.33685675277790256,0.018327454276390903,0.6448157929457066
gan_mixup_00103.png,0.010668325796475111,0.015220983843843816,0.974110690359681
gan_mixup_00104.png,0.031917279885014756,0.9665211113671677,0.0015616087478176012
gan_mixup_00105.png,0.8175011630082654,0.03410051509095646,0.14839832190077817
gan_mixup_00106.png,0.2795652336660303,0.6892476144138653,0.03118715192010447
gan_mixup_00107.png,0.1015272915067734,0.7455091913511549,0.15296351714207165
gan_mixup_00108.png,0.06549203856117584,0.8845533050438705,0.04995465639495347
gan_mixup_00109.png,0.10112528957383739,0.6098644202427135,0.28901029018344915
gan_mixup_00110.png,0.11734239584979646,0.048492869662733286,0.8341647344874701
gan_mixup_00111.png,0.11084492285023578,0.5564883452404374,0.3326667319093267
gan_mixup_00112.png,0.06932092497332823,0.8985735710432703,0.0321055039834016
gan_mixup_00113.png,0.07431736908496608,0.5447059630338916,0.38097666788114226
gan_mixup_00114.png,0.17648367254367342,0.24572519333177553,0.5777911341245512
gan_mixup_00115.png,0.8297358613472252,0.06899783296643838,0.10126630568633643
gan_mixup_00116.png,0.2762661923225556,0.04304006373295943,0.680693743944485
gan_mixup_00117.png,0.12000660423913082,0.7828163363838523,0.09717705937701712
gan_mixup_00118.png,0.8879763465881713,0.06651056834403019,0.0455130850677984
gan_mixup_00119.png,0.7559855073190545,0.04397393373361167,0.20004055894733394
gan_mixup_00120.png,0.5133367845073241,0.1592282998356901,0.3274349156569856
gan_mixup_00121.png,0.9026864389099669,0.09387462248828102,0.0034389386017520517
gan_mixup_00122.png,0.13494066001636362,0.7952030401252833,0.06985629985835301
gan_mixup_00123.png,0.003869041317976107,0.839168015085636,0.1569629435963877
gan_mixup_00124.png,0.32210338312570647,0.5898764930850326,0.08802012378926077
gan_mixup_00125.png,0.0020297269439010627,0.9952505501393992,0.0027197229166997065
gan_mixup_00126.png,0.34148231488039044,0.636520315180075,0.02199736993953451
gan_mixup_00127.png,0.27807504990659615,0.7176763323447334,0.004248617748670472
gan_mixup_00128.png,0.5497449523441849,0.08915795744880012,0.3610970902070151
gan_mixup_00129.png,0.15384470730013391,0.804516353745315,0.041638938954550946
gan_mixup_00130.png,0.0032630924694168595,0.18440353433860412,0.8123333731919788
gan_mixup_00131.png,0.0006980813544588858,0.964220786188955,0.03508113245658613
gan_mixup_00132.png,0.002726326102717829,0.09222977639845784,0.9050438974988243
gan_mixup_00133.png,0.7773719812595746,0.011086875088057824,0.2115411436523677
gan_mixup_00134.png,0.27323911250396143,0.022386030693754784,0.7043748568022835
gan_mixup_00135.png,0.10115334991632928,0.8156516397537242,0.08319501032994647
gan_mixup_00136.png,0.10735780635233859,0.49694090363577686,0.3957012900118846
gan_mixup_00137.png,0.045816179345893916,0.7870713863234755,0.16711243433063064
gan_mixup_00138.png,0.7411501605846865,0.029110362499534425,0.22973947691577914
gan_mixup_00139.png,0.05186088315401864,0.1643902159689688,0.7837489008770125
gan_mixup_00140.png,0.7886083273577799,0.14199424314379122,0.06939742949842909
gan_mixup_00141.png,0.9453545488860282,0.05451272829899431,0.00013272281497747122
gan_mixup_00142.png,0.3788392529419613,0.07891841694817918,0.5422423301098597
gan_mixup_00143.png,0.009181825198756344,0.22600415884390285,0.7648140159573407
gan_mixup_00144.png,0.7854221021487936,0.08525726134557694,0.1293206365056296
gan_mixup_00145.png,0.9681262746688759,0.0001153202054303273,0.031758405125693605
gan_mixup_00146.png,0.6478453022971812,0.00716971571099633,0.34498498199182265
gan_mixup_00147.png,0.2829884280384253,0.1287422445919091,0.5882693273696655
gan_mixup_00148.png,0.21378808251704057,0.02963425373879938,0.7565776637441601
gan_mixup_00149.png,0.03540187704820316,0.0830876205673129,0.8815105023844839
gan_mixup_00150.png,0.5323846947156521,0.3307932942228924,0.13682201106145567
gan_mixup_00151.png,0.018388827333076282,0.5328948234972667,0.4487163491696569
gan_mixup_00152.png,0.10633662813756356,0.8546960486807581,0.038967323181678365
gan_mixup_00153.png,0.08047980204289029,0.8304641811427503,0.08905601681435936
gan_mixup_00154.png,0.009939947826301596,0.27232046178109676,0.7177395903926016
gan_mixup_00155.png,0.029783765576203543,0.9700121147950139,0.00020411962878235258
gan_mixup_00156.png,0.007765577533622949,0.9766228091600333,0.015611613306343738
gan_mixup_00157.png,0.05818964745657172,0.9284587557021906,0.013351596841237656
gan_mixup_00158.png,0.8880170298812712,0.030551163384296028,0.08143180673443273
gan_mixup_00159.png,0.019286060150942242,0.6940026028826088,0.28671133696644885
gan_mixup_00160.png,0.028029003388946594,0.15506380755747018,0.8169071890535832
gan_mixup_00161.png,0.7276336306084907,0.030986729365656274,0.241379640025853
gan_mixup_00162.png,0.009790351487448787,0.37367759546897245,0.6165320530435788
gan_mixup_00163.png,0.001039022899995436,0.9745352948401858,0.024425682259818855
gan_mixup_00164.png,0.0134089742912022,0.18079206337777276,0.805798962331025
gan_mixup_00165.png,0.03087718368818194,0.19678686320347316,0.7723359531083449
gan_mixup_00166.png,0.04940901979550329,0.05261950644205215,0.8979714737624447
gan_mixup_00167.png,0.03987119539514342,0.0005465674678417084,0.959582237137015
gan_mixup_00168.png,0.028762504302858767,0.0719492672034312,0.89928822849371
gan_mixup_00169.png,0.02097389418185195,0.32568824665403256,0.6533378591641155
gan_mixup_00170.png,0.13865016706948904,0.8034290865733051,0.05792074635720576
gan_mixup_00171.png,0.027751431488227295,0.7817284447696031,0.1905201237421696
gan_mixup_00172.png,0.014867733896164994,0.054394588520783105,0.9307376775830518
gan_mixup_00173.png,0.9671538012381364,0.0015536982404026028,0.031292500521460834
gan_mixup_00174.png,0.008324728323631141,0.008949812653581062,0.9827254590227879
gan_mixup_00175.png,0.10079798666291383,0.8305678303049563,0.06863418303212991
gan_mixup_00176.png,0.9659091973055496,0.03380483630742,0.0002859663870303985
gan_mixup_00177.png,0.7880861906905352,0.20586220475003067,0.006051604559434193
gan_mixup_00178.png,0.085586643725556,0.8842549702932269,0.030158385981217395
gan_mixup_00179.png,0.7342381007492702,0.043558681153217774,0.22220321809751203
gan_mixup_00180.png,0.025643070855691466,0.05039594206379174,0.9239609870805168
gan_mixup_00181.png,0.8878865044939863,0.10623377851356225,0.005879716992451434
gan_mixup_00182.png,0.004758878951028188,0.007172766624778736,0.9880683544241932
gan_mixup_00183.png,0.17326266092931344,0.8097797764380525,0.016957562632633868
gan_mixup_00184.png,0.2351745758356627,0.09107891678113912,0.6737465073831982
gan_mixup_00185.png,0.02220435522335453,0.8280128787968702,0.14978276597977522
gan_mixup_00186.png,0.97354656462658,0.010590600218799361,0.015862835154620687
gan_mixup_00187.png,0.05440378519499103,0.038215085067772075,0.907381129737237
gan_mixup_00188.png,0.02869847384934121,0.2813942074725988,0.68990731867806
gan_mixup_00189.png,0.48486103097480815,0.49107062275978625,0.024068346265405584
gan_mixup_00190.png,0.8066135720172664,0.03202630170881968,0.16136012627391383
gan_mixup_00191.png,0.7008724284599072,0.2669097942771712,0.03221777726292175
gan_mixup_00192.png,0.01808187434952298,0.09422255587340443,0.8876955697770728
gan_mixup_00193.png,0.20071658270591752,0.6984993646192288,0.1007840526748537
gan_mixup_00194.png,0.06797737516629018,0.2950362208395777,0.6369864039941323
gan_mixup_00195.png,0.905705651480707,0.07853622569227552,0.015758122827017534
gan_mixup_00196.png,0.7597041839971177,0.16994343564106454,0.0703523803618178
gan_mixup_00197.png,0.8504581921947517,0.000987047471446611,0.14855476033380147
gan_mixup_00198.png,0.023904494729709222,0.8435538680019437,0.13254163726834703
gan_mixup_00199.png,0.13367543196431064,0.3867199281293565,0.4796046399063328
gan_mixup_00200.png,0.892402901862319,0.07260213882342569,0.03499495931425518
gan_mixup_00201.png,0.05276774107037158,0.9440054505146933,0.003226808414935211
gan_mixup_00202.png,0.837548011356578,0.05416963130901267,0.10828235733440904
gan_mixup_00203.png,0.303654425585003,0.03869360355342979,0.6576519708615672
gan_mixup_00204.png,0.13263849814682138,0.06155057405781319,0.8058109277953653
gan_mixup_00205.png,0.003760061328247533,0.9818813597617025,0.014358578910049968
gan_mixup_00206.png,0.3476221954338776,0.06616326352081939,0.5862145410453029
gan_mixup_00207.png,0.30096009872731166,0.6889716266570963,0.01006827461559203
gan_mixup_00208.png,0.03567298206705581,0.13798016141389108,0.826346856519053
gan_mixup_00209.png,0.11489804458466346,0.8846075751228506,0.0004943802924859522
gan_mixup_00210.png,0.2920145554751865,0.6721827720724443,0.0358026724523691
gan_mixup_00211.png,0.3195150573372644,0.004343320446241283,0.6761416222164942
gan_mixup_00212.png,0.15891665161839474,0.8172688853545925,0.023814463027012584
gan_mixup_00213.png,0.11551005960531491,0.1608574133293629,0.7236325270653222
gan_mixup_00214.png,0.11327917597386575,0.6263749697998026,0.2603458542263317
gan_mixup_00215.png,0.1908542098161634,0.7684555417655217,0.04069024841831489
gan_mixup_00216.png,0.5110974876756658,0.28385841292487884,0.20504409939945553
gan_mixup_00217.png,0.9869596639161003,0.011426690887538898,0.0016136451963608483
gan_mixup_00218.png,0.0988609083467416,0.05779596202327607,0.8433431296299823
gan_mixup_00219.png,0.027763875143840534,0.14910354744811494,0.8231325774080445
gan_mixup_00220.png,0.07442447873543562,0.47284844924507535,0.4527270720194891
gan_mixup_00221.png,0.7549731997202176,0.2295101885810633,0.015516611698718945
gan_mixup_00222.png,0.03237864695611142,0.8970060217984158,0.07061533124547291
gan_mixup_00223.png,0.5497430607711148,0.3378296595256818,0.11242727970320358
gan_mixup_00224.png,0.0968162155815778,0.43063508479880463,0.4725486996196177
gan_mixup_00225.png,0.09064132695103976,0.72389529548733,0.1854633775616302
gan_mixup_00226.png,0.01728956528821912,0.888644941923471,0.0940654927883098
gan_mixup_00227.png,0.7254806502055867,0.19120988218575624,0.08330946760865701
gan_mixup_00228.png,0.030005925132630177,0.045609965858798326,0.9243841090085716
gan_mixup_00229.png,0.06498865227420549,0.026417151049109657,0.9085941966766847
gan_mixup_00230.png,0.17564828532217241,0.0017764158443278769,0.8225752988334998
gan_mixup_00231.png,0.1643590365263926,0.5721090464702594,0.2635319170033481
gan_mixup_00232.png,0.0006297449035376421,0.9172635758409605,0.08210667925550197
gan_mixup_00233.png,0.200363771977972,0.0037602642249528325,0.7958759637970754
gan_mixup_00234.png,0.6973899812459717,0.008476943157526104,0.2941330755965022
gan_mixup_00235.png,0.24499632665443488,0.23267242610244385,0.5223312472431212
gan_mixup_00236.png,0.07034003853312411,0.16382345580137544,0.7658365056655004
gan_mixup_00237.png,0.8901746024630027,0.056690901130065086,0.05313449640693235
gan_mixup_00238.png,0.00588266903177197,0.009255218556149084,0.9848621124120789
gan_mixup_00239.png,0.0009567899963476016,0.06815514698435829,0.9308880630192942
gan_mixup_00240.png,0.3340099005037511,0.6180211804995335,0.047968918996715466
gan_mixup_00241.png,0.12757924843654392,0.8712659550186993,0.0011547965447567393
gan_mixup_00242.png,0.040674695788910344,0.019263971581439596,0.9400613326296501
gan_mixup_00243.png,0.9879656183943452,0.0024926964012121945,0.009541685204442596
gan_mixup_00244.png,0.20713190971100848,0.648779835273261,0.14408825501573058
gan_mixup_00245.png,0.8049010102917152,0.03874149777552887,0.1563574919327559
gan_mixup_00246.png,0.46910796243703956,0.05773580625602889,0.47315623130693163
gan_mixup_00247.png,0.08106306395424885,0.02895535624422594,0.8899815798015251
gan_mixup_00248.png,0.8888392884932297,0.043457444333054394,0.06770326717371582
gan_mixup_00249.png,0.10532411275106449,0.8661904592672831,0.028485427981652316
gan_mixup_00250.png,0.13135850183582304,0.08966952073655952,0.7789719774276175
gan_mixup_00251.png,0.093702295406325,0.4078826138393827,0.4984150907542923
gan_mixup_00252.png,0.1205495100784384,0.8634951954332466,0.015955294488314974
gan_mixup_00253.png,0.8624335713296329,0.13552415353100453,0.002042275139362429
gan_mixup_00254.png,0.04837244469548116,0.8761702697763775,0.07545728552814139
gan_mixup_00255.png,0.0015495420693565165,0.9013350855872782,0.09711537234336538
gan_mixup_00256.png,0.686936435496586,0.121033344146666,0.192030220356748
gan_mixup_00257.png,0.583469889971832,0.10724630607887026,0.30928380394929783
gan_mixup_00258.png,0.9560253296101745,0.021413411221676216,0.02256125916814923
gan_mixup_00259.png,0.6557554274338887,0.2919122102007396,0.052332362365371685
gan_mixup_00260.png,0.8597294414511227,0.0878552514229238,0.05241530712595353
gan_mixup_00261.png,0.08834065474070382,0.005069264319712596,0.9065900809395835
gan_mixup_00262.png,0.96375566856184,0.001751716594232565,0.03449261484392746
gan_mixup_00263.png,0.02164846967947503,0.929981550526789,0.048369979793736084
gan_mixup_00264.png,0.7850178879818946,0.19986382338682768,0.01511828863127761
gan_mixup_00265.png,0.04179098592399512,0.830461223864381,0.1277477902116239
gan_mixup_00266.png,0.0012788502406572292,0.03055725356470059,0.968163896194642
gan_mixup_00267.png,0.8615494393827325,0.04020056669271148,0.09824999392455591
gan_mixup_00268.png,0.833696292715233,0.004320666623008962,0.161983040661758
gan_mixup_00269.png,0.02757715144538094,0.49059407813427897,0.4818287704203399
gan_mixup_00270.png,0.14200551082501195,0.17004157120346083,0.6879529179715274
gan_mixup_00271.png,0.02940670490820334,0.9365553203981879,0.034037974693608815
gan_mixup_00272.png,0.9307745066960459,0.04175533285604248,0.02747016044791156
gan_mixup_00273.png,0.05185023013410846,0.27489294309223344,0.6732568267736582
gan_mixup_00274.png,0.016241402431427125,0.10770089252223573,0.8760577050463372
gan_mixup_00275.png,0.8721307774736712,0.04175207138472727,0.08611715114160133
gan_mixup_00276.png,0.015014993512711378,0.9283211465944623,0.05666385989282634
gan_mixup_00277.png,0.06760341936816154,0.4261685328241962,0.5062280478076422
gan_mixup_00278.png,0.8734582502558349,0.034687635799509745,0.09185411394465541
gan_mixup_00279.png,0.03673703841395647,0.8959824262339435,0.06728053535210016
gan_mixup_00280.png,0.8532567450470496,0.017011932144582617,0.12973132280836777
gan_mixup_00281.png,0.11716896436176691,0.8516875609716477,0.03114347466658547
gan_mixup_00282.png,0.011041751865283132,0.9878035190053646,0.0011547291293523743
gan_mixup_00283.png,0.3167814810942211,0.006502293166909628,0.6767162257388692
gan_mixup_00284.png,0.22779613942745616,0.007124130672949237,0.7650797298995946
gan_mixup_00285.png,0.8711773837353771,0.03553711498733045,0.09328550127729239
gan_mixup_00286.png,0.007649533131416512,0.21025834620117728,0.7820921206674064
gan_mixup_00287.png,0.6958645447025483,0.29793900980968074,0.006196445487770918
gan_mixup_00288.png,0.9236612997085795,0.002128687972210502,0.07421001231921015
gan_mixup_00289.png,0.046759982251283985,0.8992498448290793,0.05399017291963676
gan_mixup_00290.png,0.7982600997077607,0.18943599420730206,0.012303906084937167
gan_mixup_00291.png,0.12706280315256305,0.8588491813679758,0.01408801547946115
gan_mixup_00292.png,0.05518130148446207,0.9338153922058282,0.011003306309709852
gan_mixup_00293.png,0.01670276096162699,0.36166659807945534,0.6216306409589177
gan_mixup_00294.png,0.10012207960225894,0.7942212071710582,0.10565671322668284
gan_mixup_00295.png,0.001893086609691167,0.9500862301949481,0.04802068319536064
gan_mixup_00296.png,0.3820873585454716,0.6062953682068163,0.011617273247712102
gan_mixup_00297.png,0.0258398507676572,0.8190334967701081,0.15512665246223473
gan_mixup_00298.png,0.1334494479728574,0.129382625898542,0.7371679261286006
gan_mixup_00299.png,0.8327344548935108,0.07534583787574975,0.09191970723073957
gan_mixup_00300.png,0.09144743666347069,0.5568725824712619,0.35167998086526736
gan_mixup_00301.png,0.40969441651107086,0.45382955105248735,0.13647603243644174
gan_mixup_00302.png,0.006563341968275435,0.662095986973834,0.33134067105789045
gan_mixup_00303.png,0.10543212278099713,0.5748977915965309,0.31967008562247207
gan_mixup_00304.png,0.007793884384438812,0.057412928346946134,0.9347931872686152
gan_mixup_00305.png,0.05464688985979817,0.0042275532730805645,0.9411255568671213
gan_mixup_00306.png,0.9159702364746316,0.06222997013177036,0.021799793393597867
gan_mixup_00307.png,0.040975700268527426,0.07762942805370796,0.8813948716777645
gan_mixup_00308.png,0.0021367819097708215,0.8210653500722569,0.17679786801797237
gan_mixup_00309.png,0.03911726659342682,0.06408217745812535,0.896800555948448
gan_mixup_00310.png,0.03464432057963479,0.9063348891308199,0.059020790289545426
gan_mixup_00311.png,0.1598241362321748,0.7919504230044699,0.048225440763355325
gan_mixup_00312.png,0.18722946531616053,0.7648778353357641,0.04789269934807515
gan_mixup_00313.png,0.07294914638609937,0.6762308142290768,0.25082003938482367
gan_mixup_00314.png,0.7079474779142506,0.26155284247071536,0.03049967961503386
gan_mixup_00315.png,0.0028646407310955746,0.7220366491954636,0.2750987100734408
gan_mixup_00316.png,0.013912566960052029,0.573041773748676,0.41304565929127185
gan_mixup_00317.png,0.465672682629501,0.10641342629827877,0.42791389107222016
gan_mixup_00318.png,0.2368404548012735,0.5920120018732692,0.17114754332545737
gan_mixup_00319.png,0.9399414135286023,0.03570304501767764,0.02435554145372016
gan_mixup_00320.png,0.06177528607679652,0.0026531563850427423,0.9355715575381607
gan_mixup_00321.png,0.2705053391696986,0.13456408367208922,0.5949305771582122
gan_mixup_00322.png,0.8840590241623785,0.08216401556101978,0.033776960276601764
gan_mixup_00323.png,0.0006947127235164381,0.08749085685480112,0.9118144304216825
gan_mixup_00324.png,0.8654542986848408,0.04302957249953593,0.09151612881562322
gan_mixup_00325.png,0.7770045888672672,0.10237855994878227,0.12061685118395062
gan_mixup_00326.png,0.11693281247589378,0.6871841829510754,0.19588300457303082
gan_mixup_00327.png,0.13726627671143726,0.7050489919819711,0.15768473130659155
gan_mixup_00328.png,0.01797224458940149,0.9340662434903515,0.04796151192024707
gan_mixup_00329.png,0.2836893743089279,0.059498684130330506,0.6568119415607416
gan_mixup_00330.png,0.0676868229549571,0.7302874824129967,0.20202569463204614
gan_mixup_00331.png,0.5278017928505976,0.04069338083299889,0.4315048263164036
gan_mixup_00332.png,0.09083681831778513,0.004571969867173457,0.9045912118150413
gan_mixup_00333.png,0.11147553735009483,0.8754132475657073,0.013111215084197683
gan_mixup_00334.png,0.012862465174638685,0.7020448380944927,0.2850926967308686
gan_mixup_00335.png,0.03562261561069194,0.006632794607973312,0.9577445897813348
gan_mixup_00336.png,0.6399141915880163,0.12315389688823003,0.23693191152375356
gan_mixup_00337.png,0.22106887714770426,0.7212869975229149,0.057644125329380874
gan_mixup_00338.png,0.7724238696284502,0.11926132197434615,0.10831480839720359
gan_mixup_00339.png,0.7219868240702239,0.09571683619370812,0.18229633973606812
gan_mixup_00340.png,0.03295713971577277,0.9379953813153648,0.02904747896886248
gan_mixup_00341.png,0.026229111123135113,0.044084386025108786,0.929686502851756
gan_mixup_00342.png,0.1272605512769866,0.6390616431280843,0.23367780559492918
gan_mixup_00343.png,0.8128554870732139,0.14121902412173012,0.04592548880505616
gan_mixup_00344.png,0.18007462352493264,0.6455662357331224,0.17435914074194497
gan_mixup_00345.png,0.9271021764340077,0.07287508067191614,2.2742894076310976e-05
gan_mixup_00346.png,0.3200542306351992,0.14704884271995516,0.5328969266448457
gan_mixup_00347.png,0.5973808363903405,0.0841373432153312,0.31848182039432826
gan_mixup_00348.png,0.023206103148062887,0.8333156280669789,0.14347826878495823
gan_mixup_00349.png,0.9395686387689854,0.018292051731751528,0.04213930949926303
gan_mixup_00350.png,0.8938761291137532,0.0042043811967589825,0.10191948968948776
gan_mixup_00351.png,0.03466453668055733,0.9330018308275481,0.032333632491894644
gan_mixup_00352.png,0.03206542622319917,0.04295032020561009,0.9249842535711907
gan_mixup_00353.png,0.6236518392652337,0.11196289501846968,0.2643852657162966
gan_mixup_00354.png,0.09932596238904083,0.709739584423823,0.19093445318713598
gan_mixup_00355.png,0.08091910059725148,0.9082742599297029,0.010806639473045464
gan_mixup_00356.png,0.19869196675316647,0.02122455043958429,0.7800834828072493
gan_mixup_00357.png,0.010900481180696957,0.37262158604943363,0.6164779327698693
gan_mixup_00358.png,0.5630505101996014,0.4154505862813995,0.021498903518999024
gan_mixup_00359.png,0.03657422680452523,0.16723805375741588,0.7961877194380589
gan_mixup_00360.png,0.160120402694369,0.8119170300702763,0.027962567235354795
gan_mixup_00361.png,0.0006548135589019442,0.9821898087430303,0.017155377698067804
gan_mixup_00362.png,0.9566814051657843,0.0004942087583108002,0.04282438607590521
gan_mixup_00363.png,0.01717858676549754,0.020868170768303287,0.9619532424661991
gan_mixup_00364.png,0.10841461645688634,0.14415072789412708,0.7474346556489866
gan_mixup_00365.png,0.5800502150357133,0.12871385851556838,0.2912359264487184
gan_mixup_00366.png,0.002357277092888932,0.19288682413277652,0.8047558987743345
gan_mixup_00367.png,0.6433638502549953,0.2825816741740793,0.07405447557092523
gan_mixup_00368.png,0.24878782573763053,0.004670314815855769,0.7465418594465137
gan_mixup_00369.png,0.10890098228921254,0.3345868418029898,0.5565121759077977
gan_mixup_00370.png,0.055673337045422565,0.9075604330396609,0.036766229914916494
gan_mixup_00371.png,0.7746069446704901,0.025746649539134484,0.19964640579037551
gan_mixup_00372.png,0.07476704117264582,0.8654910340132077,0.05974192481414635
gan_mixup_00373.png,0.8064155543013324,0.01718229255378907,0.17640215314487856
gan_mixup_00374.png,0.025278579982645658,0.05750474368033154,0.9172166763370228
gan_mixup_00375.png,0.9454702265500717,0.037260330429467414,0.017269443020460806
gan_mixup_00376.png,0.27262508006790254,0.05405309711837625,0.6733218228137211
gan_mixup_00377.png,0.8466008460530796,0.026861918768123223,0.1265372351787971
gan_mixup_00378.png,0.8872884383294464,0.035035520832821354,0.07767604083773229
gan_mixup_00379.png,0.9110717680303015,0.060216183538391546,0.028712048431306945
gan_mixup_00380.png,0.0863662650590364,0.7126914323103021,0.20094230263066146
gan_mixup_00381.png,0.9587417129444826,0.027972576320123434,0.013285710735393955
gan_mixup_00382.png,0.8208495938553592,0.004496546700075475,0.17465385944456532
gan_mixup_00383.png,0.01949845998227094,0.7850742884420854,0.19542725157564358
gan_mixup_00384.png,0.4722109532797578,0.20939367980152845,0.31839536691871395
gan_mixup_00385.png,0.09749628440465347,0.6844742889592943,0.21802942663605218
gan_mixup_00386.png,0.1154071488143967,0.8812234666096499,0.003369384575953241
gan_mixup_00387.png,0.8502341400146426,0.14823027078516365,0.0015355892001937797
gan_mixup_00388.png,0.9495018691748995,0.009730639801162864,0.0407674910239376
gan_mixup_00389.png,0.21231806489587454,0.11699118516438964,0.670690749939736
gan_mixup_00390.png,0.0824538709089029,0.7468938400203551,0.1706522890707419
gan_mixup_00391.png,0.3365176728984534,0.04657402997243946,0.6169082971291072
gan_mixup_00392.png,0.8218550666368734,0.0315519607761507,0.14659297258697573
gan_mixup_00393.png,0.04348021882680793,0.8585100802887278,0.09800970088446417
gan_mixup_00394.png,0.0016209814124578583,0.8757467305315294,0.12263228805601256
gan_mixup_00395.png,0.026923540960356578,0.014940182305288645,0.9581362767343548
gan_mixup_00396.png,0.31422355637867555,0.04279084515382363,0.6429855984675008
gan_mixup_00397.png,0.9810845187381871,0.003739492590714915,0.01517598867109795
gan_mixup_00398.png,0.863473869927864,0.004345757814242268,0.13218037225789375
gan_mixup_00399.png,0.6983190618370142,0.22420337273134033,0.0774775654316454
gan_mixup_00400.png,0.8954341521809597,0.09160066929749536,0.012965178521544926
gan_mixup_00401.png,0.7991300432898949,0.08929943351816794,0.11157052319193715
gan_mixup_00402.png,0.08293911141673031,0.8811752352747122,0.0358856533085576
gan_mixup_00403.png,0.757042884612158,0.0581469048711165,0.18481021051672547
gan_mixup_00404.png,0.013810590385000359,0.18524005440505498,0.8009493552099446
gan_mixup_00405.png,0.13422230573129496,0.7971694453285223,0.06860824894018276
gan_mixup_00406.png,0.08682015744420674,0.9000318197775594,0.013148022778233815
gan_mixup_00407.png,0.12100706905430356,0.06491201131144708,0.8140809196342493
gan_mixup_00408.png,0.7808104364140659,0.17717934451404982,0.04201021907188438
gan_mixup_00409.png,0.3863301841312256,0.5141559242363093,0.09951389163246516
gan_mixup_00410.png,0.1722894960166149,0.42235280263491287,0.40535770134847227
gan_mixup_00411.png,0.9209629653014066,0.020576198752055783,0.058460835946537476
gan_mixup_00412.png,0.5883341535138594,0.056131441200063394,0.35553440528607727
gan_mixup_00413.png,0.0031120390860402834,0.06866603645194763,0.9282219244620122
gan_mixup_00414.png,0.3777434735382145,0.011839233028532061,0.6104172934332535
gan_mixup_00415.png,0.05667001030884811,0.021711339499015072,0.9216186501921368
gan_mixup_00416.png,0.7686983363829649,0.2093834951381255,0.021918168478909587
gan_mixup_00417.png,0.6317973616353667,0.1251787463397077,0.24302389202492575
gan_mixup_00418.png,0.028798949450853477,0.05486637497731579,0.9163346755718307
gan_mixup_00419.png,0.040752118962168245,0.5354965132571402,0.42375136778069156
gan_mixup_00420.png,0.28086516618785506,0.6877676993132565,0.031367134498888276
gan_mixup_00421.png,0.9435978973348823,0.022080965079427854,0.03432113758568977
gan_mixup_00422.png,0.7852537066816416,0.007210074913024215,0.207536218405334
gan_mixup_00423.png,0.04244034610791128,0.7909380111092222,0.16662164278286665
gan_mixup_00424.png,0.9142246706606314,0.057604546429446624,0.02817078290992204
gan_mixup_00425.png,0.05747761090757165,0.2229133434861251,0.7196090456063032
gan_mixup_00426.png,0.8706472430207705,0.0031413151958682235,0.12621144178336133
gan_mixup_00427.png,0.04620009259037677,0.9438644309133538,0.009935476496269358
gan_mixup_00428.png,0.1106024148097794,0.7676613674172622,0.12173621777295834
gan_mixup_00429.png,0.3031072712637184,0.43345288816080774,0.2634398405754738
gan_mixup_00430.png,0.9189360385266763,0.05667468114052886,0.024389280332794853
gan_mixup_00431.png,0.005640792581826324,0.16614980325190973,0.828209404166264
gan_mixup_00432.png,0.1749464769117125,0.16981668905512065,0.6552368340331667
gan_mixup_00433.png,0.08827157168805508,0.032098419925663826,0.8796300083862811
gan_mixup_00434.png,0.24978041202902662,0.08193755052687145,0.668282037444102
gan_mixup_00435.png,0.35099508224005654,0.6328613903740202,0.01614352738592317
gan_mixup_00436.png,0.09959933035945329,0.8990746155438097,0.0013260540967370592
gan_mixup_00437.png,0.00024079855096006573,0.9778453767624431,0.02191382468659675
gan_mixup_00438.png,0.42780459370389917,0.4508329956506779,0.12136241064542291
gan_mixup_00439.png,0.006211562611465932,0.9473160883332375,0.04647234905529636
gan_mixup_00440.png,0.02013280412979809,0.04475022200884048,0.9351169738613614
gan_mixup_00441.png,0.7546594606970449,0.20204048394974833,0.043300055353206794
gan_mixup_00442.png,0.06360479709657282,0.9046899321098556,0.03170527079357169
gan_mixup_00443.png,0.10090861594554942,0.766480246543755,0.13261113751069553
gan_mixup_00444.png,0.10170302729923796,0.12271283533107158,0.7755841373696905
gan_mixup_00445.png,0.47844743329678197,0.5002821056964445,0.021270461006773544
gan_mixup_00446.png,0.0021203961136883704,0.4506327883697864,0.5472468155165252
gan_mixup_00447.png,0.023490747298279966,0.28776659026723883,0.6887426624344812
gan_mixup_00448.png,0.09549075276477649,0.8523298034026757,0.05217944383254784
gan_mixup_00449.png,0.06911298578972809,0.7453034813653844,0.18558353284488732
gan_mixup_00450.png,0.021713477758546203,0.009582407114868845,0.9687041151265847
gan_mixup_00451.png,0.31896437708386444,0.01813921494559195,0.6628964079705436
gan_mixup_00452.png,0.19480653947831367,0.19763527085431754,0.6075581896673687
gan_mixup_00453.png,0.034947972415036506,0.8630744841849455,0.10197754340001804
gan_mixup_00454.png,0.10347738615482172,0.05701238530595078,0.8395102285392274
gan_mixup_00455.png,0.15499050244149565,0.11552691039686272,0.7294825871616416
gan_mixup_00456.png,0.03523460193886761,0.9590601959153571,0.0057052021457753245
gan_mixup_00457.png,0.02302142619407068,0.10180429726647622,0.875174276539453
gan_mixup_00458.png,0.07925265403045492,0.24761934435717836,0.6731280016123667
gan_mixup_00459.png,0.9109746061533311,0.08695072005354583,0.0020746737931229527
gan_mixup_00460.png,0.8416858154981897,0.07047990421836524,0.0878342802834452
gan_mixup_00461.png,0.41555862855942705,0.5232251211276946,0.061216250312878376
gan_mixup_00462.png,0.11130873215081091,0.8502328683681674,0.038458399481021796
gan_mixup_00463.png,0.08625847407892315,0.1327540583969564,0.7809874675241206
gan_mixup_00464.png,0.008579465105798339,0.8879819495068371,0.10343858538736464
gan_mixup_00465.png,0.5138268878856168,0.34994357862633696,0.13622953348804637
gan_mixup_00466.png,0.14115740790882275,0.6768520753063039,0.18199051678487352
gan_mixup_00467.png,0.3549071808777607,0.5868121158318478,0.058280703290391464
gan_mixup_00468.png,0.2408418685429014,0.7123461170730923,0.046812014384006236
gan_mixup_00469.png,0.04593598476313219,0.45584417863510435,0.49821983660176344
gan_mixup_00470.png,0.8911739747860971,0.09986399324473849,0.008962031969164256
gan_mixup_00471.png,0.03533992060490602,0.0032734781865435963,0.9613866012085502
gan_mixup_00472.png,0.8046153847667187,0.12260991475630677,0.07277470047697449
gan_mixup_00473.png,0.0032775489104660766,0.02754068107788803,0.969181770011646
gan_mixup_00474.png,0.006114536201979901,0.7602644744715591,0.23362098932646108
gan_mixup_00475.png,0.0013453975760549786,0.1326590794357107,0.8659955229882341
gan_mixup_00476.png,0.7009632405101116,0.046364023476454824,0.25267273601343343
gan_mixup_00477.png,0.9169155670711475,0.040717828779460424,0.04236660414939202
gan_mixup_00478.png,0.2590641698387838,0.644377585621159,0.09655824454005713
gan_mixup_00479.png,0.7875898628525055,0.01027343504605193,0.2021367021014425
gan_mixup_00480.png,0.04314360536699349,0.6118602145239472,0.34499618010905947
gan_mixup_00481.png,0.00593923539244183,0.9922136345156247,0.0018471300919335307
gan_mixup_00482.png,0.1984643881133181,1.153319070792914e-05,0.801524078695974
gan_mixup_00483.png,0.911220554621949,0.013200597140723327,0.07557884823732758
gan_mixup_00484.png,0.10214286172382152,0.08081774009701498,0.8170393981791635
gan_mixup_00485.png,0.31324704479605603,0.6413277596013677,0.04542519560257628
gan_mixup_00486.png,0.031893753297689446,0.5224375511728558,0.44566869552945465
gan_mixup_00487.png,0.1442315974785263,0.14213734342227285,0.713631059099201
gan_mixup_00488.png,0.03982788921672389,0.7657016930533262,0.19447041772995005
gan_mixup_00489.png,0.7652109103451633,0.13407793823347597,0.10071115142136067
gan_mixup_00490.png,0.006235582965177786,0.9566503157195327,0.03711410131528952
gan_mixup_00491.png,0.8286497957692303,0.11762569513375677,0.05372450909701302
gan_mixup_00492.png,0.011920591886748077,0.5308775304102847,0.45720187770296733
gan_mixup_00493.png,0.024639996582864858,0.7446834859933861,0.230676517423749
gan_mixup_00494.png,0.0647049473355899,0.885532604202305,0.049762448462105126
gan_mixup_00495.png,0.016517870535257585,0.9714069038710559,0.012075225593686475
gan_mixup_00496.png,0.5660524634740112,0.38436262240646685,0.0495849141195221
gan_mixup_00497.png,0.46255809113303065,0.43525539219068554,0.10218651667628384
gan_mixup_00498.png,0.01896489925447645,0.47030901859573787,0.5107260821497857
gan_mixup_00499.png,0.7433167427874274,0.06343702101001703,0.1932462362025555
gan_mixup_00500.png,0.040503479971955095,0.012308814611670193,0.9471877054163748
gan_mixup_00501.png,0.8347006650633023,0.09654544955231914,0.06875388538437834
gan_mixup_00502.png,0.0046718096802778825,0.00048753002325224054,0.9948406602964698
gan_mixup_00503.png,0.0010089757788971094,0.9941509424158527,0.004840081805250116
